============================================================
CFR CONVERGENCE METRICS - DEAL OR NO DEAL
============================================================

GAME PARAMETERS:
  max_turns: 3
  max_num_instances: 5
  discount: 1.0
  prob_end: 0.0

TIMING:
  Total iterations: 2000
  Wall clock time: 1541.31 seconds
  Time per iteration: 0.7707 seconds
  Iterations per second: 1.30

FINAL METRICS:
  Policy delta: 0.633333
  Expected value P0: 2.7000
  Expected value P1: 10.0000
  Social welfare: 12.7000
  Cumulative regret: 0.06
  Policy variance: 0.250333

CONVERGENCE ASSESSMENT:
  Strategy convergence: WEAK (delta >= 0.5)
  Policy stability: STABLE (low variance)

============================================================
ITERATION HISTORY:
============================================================
  Iter      Delta      EV_P0      EV_P1    Welfare   Variance     Regret
----------------------------------------------------------------------------
     0   0.000000     0.1333     0.2000     0.3333   0.000000      98.78
    20   8.580728     2.7667     8.3667    11.1333   0.000000       5.30
    40   0.935711     1.8333     8.3000    10.1333   0.000000       2.74
    60   0.500000     2.1333     8.7000    10.8333   0.000000       1.84
    80   0.542627     2.5000     9.1000    11.6000   3.503230       1.39
   100   0.661648     2.0000     9.5333    11.5333   0.575268       1.11
   120   0.823273     2.7000     9.9667    12.6667   0.670854       0.93
   140   0.811035     2.5667     9.1667    11.7333   0.504645       0.80
   160   0.823273     2.8667     9.9333    12.8000   0.467998       0.70
   180   0.740120     2.2667     9.5000    11.7667   0.430607       0.62
   200   0.527046     2.4333    10.0000    12.4333   0.388501       0.56
   220   0.453382     2.0667     9.7333    11.8000   0.407922       0.51
   240   0.284800     1.9667    10.0000    11.9667   0.371543       0.47
   260   0.133333     1.9667     9.8667    11.8333   0.262467       0.43
   280   0.307318     2.2667     9.9333    12.2000   0.208487       0.40
   300   0.094281     2.3333    10.0000    12.3333   0.182574       0.37
   320   0.760117     2.1333     9.2667    11.4000   0.315947       0.35
   340   0.745356     2.2667    10.0000    12.2667   0.306956       0.33
   360   0.301846     2.5667     9.9667    12.5333   0.318050       0.31
   380   0.074536     2.6333    10.0000    12.6333   0.345254       0.29
   400   0.339935     2.5667     9.6667    12.2333   0.346795       0.28
   420   0.388730     2.3667    10.0000    12.3667   0.190904       0.27
   440   0.200000     2.1667    10.0000    12.1667   0.215819       0.25
   460   0.200000     2.3667    10.0000    12.3667   0.212498       0.24
   480   0.033333     2.3333    10.0000    12.3333   0.184270       0.23
   500   0.100000     2.2333    10.0000    12.2333   0.080000       0.22
   520   0.210819     2.0333     9.9333    11.9667   0.122927       0.22
   540   0.120185     2.1333    10.0000    12.1333   0.126842       0.21
   560   0.401386     2.5333     9.9667    12.5000   0.174101       0.20
   580   0.434613     2.1000    10.0000    12.1000   0.177639       0.19
   600   0.094281     2.1667     9.9333    12.1000   0.178139       0.19
   620   0.133333     2.1667     9.8000    11.9667   0.175119       0.18
   640   0.507718     2.6333    10.0000    12.6333   0.230940       0.18
   660   0.600000     2.0333    10.0000    12.0333   0.226274       0.17
   680   0.100000     2.1333    10.0000    12.1333   0.223109       0.16
   700   0.300000     2.4333    10.0000    12.4333   0.234758       0.16
   720   0.640312     1.9333     9.6000    11.5333   0.305941       0.16
   740   0.500000     2.2333    10.0000    12.2333   0.234947       0.15
   760   0.100000     2.3333    10.0000    12.3333   0.234947       0.15
   780   0.066667     2.2667    10.0000    12.2667   0.231900       0.14
   800   0.466667     1.8000    10.0000    11.8000   0.262636       0.14
   820   0.400000     2.2000    10.0000    12.2000   0.188562       0.14
   840   0.233333     1.9667    10.0000    11.9667   0.199555       0.13
   860   0.266667     1.7000    10.0000    11.7000   0.219697       0.13
   880   0.700000     2.4000    10.0000    12.4000   0.256991       0.13
   900   0.333333     2.1333     9.8000    11.9333   0.248551       0.12
   920   0.333333     2.4000    10.0000    12.4000   0.278887       0.12
   940   0.033333     2.4333    10.0000    12.4333   0.289828       0.12
   960   0.533333     1.9000    10.0000    11.9000   0.222111       0.12
   980   0.133333     2.0333    10.0000    12.0333   0.222111       0.11
  1000   0.500000     2.5333    10.0000    12.5333   0.247117       0.11
  1020   0.300000     2.8333    10.0000    12.8333   0.339673       0.11
  1040   0.833333     2.0000    10.0000    12.0000   0.361109       0.11
  1060   0.000000     2.0000    10.0000    12.0000   0.342929       0.11
  1080   0.100000     2.1000    10.0000    12.1000   0.334265       0.10
  1100   0.500000     1.8000     9.6000    11.4000   0.391124       0.10
  1120   0.640312     2.3000    10.0000    12.3000   0.228035       0.10
  1140   0.466667     2.7667    10.0000    12.7667   0.365756       0.10
  1160   0.603692     2.1667     9.9333    12.1000   0.352010       0.10
  1180   0.120185     2.2667    10.0000    12.2667   0.346282       0.10
  1200   0.033333     2.2333    10.0000    12.2333   0.216230       0.09
  1220   0.200000     2.0333    10.0000    12.0333   0.251219       0.09
  1240   0.366667     2.4000    10.0000    12.4000   0.123288       0.09
  1260   0.179505     2.5667     9.9333    12.5000   0.179629       0.09
  1280   0.438432     2.1333    10.0000    12.1333   0.192065       0.09
  1300   0.366667     1.7667    10.0000    11.7667   0.281425       0.09
  1320   0.666667     2.4333    10.0000    12.4333   0.285190       0.09
  1340   0.400000     2.8333    10.0000    12.8333   0.368299       0.08
  1360   0.405518     2.4333     9.9333    12.3667   0.356027       0.08
  1380   0.120185     2.5333    10.0000    12.5333   0.349984       0.08
  1400   0.400000     2.1333    10.0000    12.1333   0.226078       0.08
  1420   0.166667     2.3000    10.0000    12.3000   0.236831       0.08
  1440   0.500000     1.8000    10.0000    11.8000   0.259058       0.08
  1460   0.500000     2.3000    10.0000    12.3000   0.242762       0.08
  1480   0.200000     2.1000    10.0000    12.1000   0.183060       0.08
  1500   0.628932     2.6333     9.6667    12.3000   0.304339       0.07
  1520   0.426875     2.9000    10.0000    12.9000   0.409661       0.07
  1540   0.700000     2.2000    10.0000    12.2000   0.325508       0.07
  1560   0.100000     2.3000    10.0000    12.3000   0.325508       0.07
  1580   0.307318     2.6000     9.9333    12.5333   0.282056       0.07
  1600   0.869227     1.7333    10.0000    11.7333   0.393390       0.07
  1620   0.533333     2.2667    10.0000    12.2667   0.280634       0.07
  1640   0.066667     2.2000    10.0000    12.2000   0.280634       0.07
  1660   0.500000     2.7000    10.0000    12.7000   0.342280       0.07
  1680   0.301846     2.4000     9.9667    12.3667   0.314678       0.07
  1700   0.301846     2.3667     9.6667    12.0333   0.216025       0.07
  1720   0.471405     2.0333    10.0000    12.0333   0.258027       0.07
  1740   0.000000     2.0333    10.0000    12.0333   0.283471       0.06
  1760   0.600000     2.6333    10.0000    12.6333   0.265665       0.06
  1780   0.600000     2.0333    10.0000    12.0333   0.277769       0.06
  1800   0.266667     2.3000    10.0000    12.3000   0.237019       0.06
  1820   0.233333     2.0667    10.0000    12.0667   0.232475       0.06
  1840   0.333333     2.4000    10.0000    12.4000   0.221711       0.06
  1860   0.166667     2.2333    10.0000    12.2333   0.138884       0.06
  1880   0.033333     2.2667    10.0000    12.2667   0.108730       0.06
  1900   0.066667     2.2000    10.0000    12.2000   0.107497       0.06
  1920   0.268742     2.4333     9.8667    12.3000   0.107083       0.06
  1940   0.328295     2.1333    10.0000    12.1333   0.113529       0.06
  1960   0.033333     2.1000    10.0000    12.1000   0.129615       0.06
  1980   0.033333     2.0667    10.0000    12.0667   0.141421       0.06
  1999   0.633333     2.7000    10.0000    12.7000   0.250333       0.06
